SerialNumber, acc: x_acc, y_acc, z_acc, gyro: x_value, y_value, z_value
71, 1514, -0.06, -0.01, 0.97
72, 1535, -0.07, -0.02, 1.01
73, 1555, 0.06, -0.03, 0.97
74, 1575, -0.05, 0.04, 0.96
75, 1596, -0.08, 0.02, 0.97
76, 1616, -0.07, 0.01, 0.97
77, 1636, -0.03, -0.00, 0.99
78, 1657, 0.01, 0.02, 0.98
79, 1677, -0.03, 0.01, 0.95
80, 1697, -0.04, 0.02, 0.97
81, 1718, -0.05, 0.04, 0.98
82, 1738, -0.08, -0.05, 1.02
83, 1758, -0.11, 0.01, 0.99
84, 1779, -0.10, -0.05, 0.97
85, 1799, -0.07, -0.01, 1.01
86, 1821, -0.02, 0.00, 1.00
87, 1841, -0.01, 0.00, 1.01
88, 1862, -0.02, -0.01, 1.00
89, 1882, -0.01, -0.00, 1.00
90, 1903, -0.06, 0.02, 1.01
91, 1923, -0.13, 0.03, 0.99
92, 1943, -0.13, 0.02, 0.95
93, 1964, 0.04, -0.01, 0.97
94, 1984, 0.19, -0.01, 0.99
95, 2004, 0.15, -0.01, 0.98
96, 2024, 0.04, -0.01, 0.98
97, 2045, -0.02, -0.00, 1.00
98, 2065, -0.02, 0.02, 1.02
99, 2086, 0.01, 0.00, 1.00
100, 2106, -0.00, -0.03, 0.99
101, 2126, -0.02, -0.02, 0.94
102, 2147, 0.00, -0.00, 0.95
103, 2167, 0.03, -0.01, 1.01
104, 2189, 0.01, 0.00, 0.99
105, 2209, 0.04, -0.05, 1.01
106, 2230, 0.00, -0.01, 0.98
107, 2250, -0.01, -0.03, 0.99
108, 2270, 0.03, -0.02, 1.10
109, 2291, -0.04, 0.01, 1.11
110, 2311, -0.23, -0.01, 1.08
111, 2332, -0.50, -0.07, 0.96
112, 2352, -0.51, -0.10, 0.83
113, 2372, -0.27, -0.03, 0.78
114, 2393, -0.16, 0.02, 0.82
115, 2413, -0.26, -0.01, 0.94
116, 2433, -0.32, -0.07, 1.03
117, 2454, -0.24, -0.04, 1.02
118, 2474, -0.03, -0.04, 1.01
119, 2494, 0.01, 0.01, 0.96
120, 2515, -0.09, -0.02, 1.00
121, 2537, -0.16, -0.04, 1.04
122, 2557, -0.15, -0.03, 1.15
123, 2578, -0.09, -0.02, 1.01
124, 2598, -0.08, -0.02, 1.01
125, 2618, -0.11, -0.03, 1.03
126, 2639, -0.19, -0.07, 1.07
127, 2659, -0.18, -0.02, 1.12
128, 2679, -0.02, 0.06, 1.09
129, 2700, -0.08, 0.08, 1.12
130, 2720, 0.07, 0.17, 1.16
131, 2741, 0.23, 0.19, 1.08
132, 2761, 0.13, 0.29, 1.13
133, 2781, 0.13, 0.43, 1.06
134, 2802, 0.15, 0.48, 0.82
135, 2822, 0.08, 0.52, 0.69
136, 2842, 0.20, 0.57, 0.62
137, 2863, 0.16, 0.63, 0.80
138, 2885, 0.74, 0.79, 1.01
139, 2905, 0.47, 0.42, 1.34
140, 2926, -0.54, -0.18, 0.98
141, 2946, -1.20, -0.07, 0.28
142, 2966, -1.22, -0.38, -0.20
143, 2987, -0.72, -0.52, 0.18
144, 3007, -0.47, -0.50, 0.51
145, 3027, -0.54, -0.57, 0.59
146, 3048, -0.84, -0.52, 0.49
147, 3068, -0.93, -0.78, 0.41
148, 3088, -0.65, -0.90, 0.61
149, 3109, -0.38, -1.02, 0.83
150, 3129, 0.01, -1.07, 1.15
151, 3150, 0.38, -0.66, 0.79
152, 3170, 0.14, -0.14, 0.51
153, 3190, -0.22, 0.36, 0.49
154, 3211, -0.77, 0.76, 0.52
155, 3233, -0.61, 0.23, 1.07
156, 3253, 0.21, 0.14, 1.00
157, 3273, 0.27, -0.15, 0.67
158, 3294, 0.10, -0.25, 1.44
159, 3314, -0.19, -0.25, 1.01
160, 3334, -0.30, 0.04, 0.23
161, 3355, 0.98, 0.99, 1.28
162, 3375, -0.17, 0.42, 0.79
163, 3396, -0.07, -0.31, 0.68
164, 3416, -0.36, -0.21, 0.37
165, 3436, -0.77, -0.07, 0.94
166, 3457, -0.53, 0.23, 1.19
167, 3477, -0.29, 0.32, 0.79
168, 3498, -0.30, 0.01, 0.85
169, 3518, -0.43, -0.26, 0.91
170, 3539, -0.48, -0.19, 0.90
171, 3561, -0.36, 0.12, 0.92
172, 3581, -0.16, 0.12, 0.93
173, 3602, -0.09, 0.01, 0.92
174, 3622, -0.09, -0.04, 0.88
175, 3643, 0.01, -0.05, 0.95
176, 3663, 0.06, 0.00, 1.10
177, 3684, 0.17, 0.03, 1.17
178, 3704, 0.33, -0.02, 1.17
179, 3724, 0.20, -0.06, 1.22
180, 3745, 0.11, -0.04, 1.26
181, 3765, 0.09, -0.04, 1.29
182, 3786, 0.07, -0.02, 1.30
183, 3806, 0.31, 0.07, 1.43
184, 3826, 0.38, -0.04, 1.49
185, 3847, 0.31, 0.02, 1.37
186, 3867, 0.25, 0.18, 1.25
187, 3888, 0.22, 0.34, 0.89
188, 3908, 0.17, 0.59, 0.68
189, 3931, 0.12, 0.67, 0.53
190, 3951, 0.01, 0.75, 0.81
191, 3971, 0.36, 0.99, 1.15
192, 3992, 0.95, 0.95, 1.53
193, 4012, 0.03, 0.11, 1.38
194, 4032, -0.73, -0.10, 1.02
195, 4053, -1.43, -0.13, 0.11
196, 4073, -1.18, -0.72, -0.08
197, 4094, -0.67, -0.61, 0.39
198, 4114, -0.51, -0.63, 0.66
199, 4134, -0.71, -0.82, 0.67
200, 4155, -1.02, -0.83, 0.42
201, 4175, -1.05, -0.83, 0.38
202, 4196, -0.69, -1.03, 0.63
203, 4216, -0.17, -1.31, 1.12
204, 4237, 0.47, -0.95, 1.08
205, 4257, 0.41, -0.09, 0.63
206, 4288, -0.29, 0.99, 0.53
207, 4311, -0.34, 0.92, 0.98
208, 4334, -0.11, -0.11, 1.22
209, 4358, -0.37, -0.46, 0.63
210, 4381, -0.33, -0.52, 1.18
211, 4404, -0.34, -0.18, 0.58
212, 4428, 0.37, 0.28, 0.44
213, 4451, 0.70, 0.99, 0.58
214, 4474, 0.47, -0.16, 0.95
215, 4497, -0.65, -0.43, 0.21
216, 4521, -1.53, -0.32, 0.79
217, 4544, -1.09, 0.45, 1.23
218, 4567, 0.02, 0.24, 0.84
219, 4591, -0.01, -0.18, 0.81
220, 4614, -0.63, -0.19, 0.88
221, 4637, -0.46, 0.05, 1.01
222, 4660, 0.03, 0.12, 1.06
223, 4682, 0.23, 0.07, 1.03
224, 4706, 0.14, -0.10, 1.08
225, 4729, -0.04, -0.11, 1.01
226, 4752, -0.03, 0.04, 1.08
227, 4776, 0.13, 0.02, 1.13
228, 4799, 0.16, -0.12, 1.04
229, 4822, -0.02, -0.06, 1.05
230, 4846, -0.10, 0.09, 1.28
231, 4869, 0.20, 0.02, 1.52
232, 4892, 0.47, -0.01, 1.49
233, 4916, 0.37, 0.17, 1.31
234, 4939, 0.27, 0.17, 1.03
235, 4962, 0.09, 0.33, 0.89
236, 4985, 0.03, 0.65, 0.67
237, 5009, 0.09, 0.81, 0.68
238, 5032, 0.34, 0.99, 1.16
239, 5055, 0.88, 0.92, 1.43
240, 5080, 0.16, 0.17, 1.31
241, 5104, -0.78, 0.01, 0.74
242, 5127, -1.30, -0.18, -0.22
243, 5150, -0.88, -0.61, 0.05
244, 5174, -0.50, -0.56, 0.51
245, 5197, -0.62, -0.73, 0.63
246, 5220, -0.84, -0.94, 0.50
247, 5243, -0.90, -0.88, 0.45
248, 5267, -0.64, -1.07, 0.73
249, 5290, -0.11, -1.30, 1.23
250, 5313, 0.37, -0.45, 0.50
251, 5337, 0.04, 0.44, 0.55
252, 5360, -0.54, 0.99, 0.45
253, 5383, -0.04, 0.25, 1.28
254, 5407, -0.15, -0.17, 0.80
255, 5430, -0.19, -0.51, 0.94
256, 5453, -0.08, -0.34, 1.22
257, 5478, -0.27, -0.13, 0.36
258, 5501, 1.18, 0.99, 1.12
259, 5525, 0.50, 0.36, 0.83
260, 5548, 0.01, -0.34, 0.50
261, 5571, -0.83, -0.52, 0.26
262, 5595, -1.56, 0.13, 1.01
263, 5618, -0.82, 0.56, 1.17
264, 5641, -0.05, 0.03, 0.91
265, 5665, -0.31, -0.29, 0.88
266, 5688, -0.59, -0.09, 0.80
267, 5711, -0.25, 0.14, 0.96
268, 5734, 0.15, 0.13, 1.10
269, 5758, 0.19, 0.00, 1.14
270, 5781, -0.00, -0.14, 1.02
271, 5804, -0.15, -0.08, 0.92
272, 5828, -0.01, 0.06, 1.02
273, 5851, 0.21, -0.01, 1.19
274, 5876, 0.09, -0.14, 1.05
275, 5899, -0.18, 0.03, 1.11
276, 5922, -0.01, 0.09, 1.39
277, 5945, 0.36, 0.01, 1.55
278, 5969, 0.51, 0.03, 1.39
279, 5992, 0.34, 0.19, 1.34
280, 6015, 0.24, 0.25, 1.01
281, 6038, 0.14, 0.41, 0.96
282, 6061, 0.15, 0.65, 0.79
283, 6085, 0.19, 0.92, 0.67
284, 6108, 0.42, 0.99, 1.19
285, 6131, 0.94, 0.94, 1.86
286, 6154, -0.30, -0.06, 1.25
287, 6177, -1.00, 0.09, 0.55
288, 6201, -1.05, -0.28, -0.42
289, 6224, -0.57, -0.63, 0.04
290, 6247, -0.45, -0.47, 0.46
291, 6272, -0.72, -0.87, 0.51
292, 6295, -0.79, -0.97, 0.32
293, 6318, -0.79, -0.89, 0.45
294, 6341, -0.46, -1.18, 0.78
295, 6365, 0.20, -1.30, 1.28
296, 6388, 0.35, -0.14, 0.30
297, 6411, -0.12, 0.92, 0.23
298, 6434, -0.86, 0.93, 0.80
299, 6457, -0.30, -0.17, 1.17
300, 6481, -0.22, -0.15, 0.75
301, 6504, -0.39, -0.51, 0.91
302, 6527, -0.35, -0.24, 1.06
303, 6550, 0.42, -0.17, 0.52
304, 6573, 0.88, 0.99, 0.86
305, 6597, 0.20, -0.11, 0.83
306, 6620, -0.45, -0.43, -0.14
307, 6643, -0.98, -0.40, 0.39
308, 6668, -1.19, 0.35, 1.11
309, 6691, -0.50, 0.44, 0.92
310, 6714, -0.26, -0.13, 0.91
311, 6738, -0.36, -0.32, 0.97
312, 6761, -0.31, 0.07, 0.87
313, 6784, -0.03, 0.16, 0.90
314, 6807, 0.25, 0.07, 0.97
315, 6830, 0.20, -0.04, 0.97
316, 6853, 0.02, -0.06, 0.87
317, 6877, -0.17, -0.08, 1.05
318, 6900, 0.00, 0.00, 1.27
319, 6923, 0.24, -0.09, 1.31
320, 6946, 0.14, -0.10, 1.14
321, 6969, 0.02, 0.04, 1.23
322, 6993, 0.09, 0.03, 1.45
323, 7016, 0.31, -0.05, 1.46
324, 7039, 0.31, -0.02, 1.39
325, 7064, 0.29, 0.28, 1.22
326, 7087, 0.34, 0.34, 0.89
327, 7110, 0.14, 0.58, 0.66
328, 7133, 0.02, 0.74, 0.62
329, 7157, 0.11, 0.99, 1.02
330, 7180, 0.90, 0.99, 1.36
331, 7203, 0.28, 0.34, 1.56
332, 7226, -0.64, -0.13, 0.94
333, 7250, -1.29, -0.12, 0.01
334, 7273, -1.16, -0.69, -0.07
335, 7296, -0.71, -0.56, 0.46
336, 7324, -0.66, -0.73, 0.65
337, 7348, -0.82, -1.01, 0.55
338, 7371, -0.90, -0.90, 0.51
339, 7394, -0.67, -1.07, 0.69
340, 7417, -0.01, -1.34, 1.24
341, 7441, 0.43, -0.44, 0.48
342, 7471, 0.00, 0.83, 0.49
343, 7494, -0.57, 0.99, 0.88
344, 7518, -0.16, 0.08, 1.06
345, 7541, -0.45, -0.32, 0.43
346, 7564, -0.40, -0.44, 1.08
347, 7587, -0.20, -0.17, 0.88
348, 7611, 0.28, 0.07, 0.29
349, 7634, 0.44, 0.99, 0.52
350, 7657, 0.29, -0.22, 0.80
351, 7680, -0.27, -0.44, 0.29
352, 7704, -1.08, -0.27, 0.65
353, 7727, -1.26, 0.47, 1.10
354, 7750, -0.23, 0.24, 0.98
355, 7773, -0.04, -0.23, 0.87
356, 7796, -0.52, -0.24, 0.88
357, 7820, -0.61, 0.09, 0.91
358, 7843, -0.11, 0.08, 1.01
359, 7868, 0.32, 0.08, 1.07
360, 7891, 0.25, -0.03, 1.02
361, 7914, -0.06, -0.11, 0.99
362, 7938, -0.16, 0.01, 0.98
363, 7961, -0.01, 0.01, 1.11
364, 7984, 0.22, -0.08, 1.09
365, 8007, 0.11, -0.07, 1.08
366, 8031, 0.03, 0.09, 1.29
367, 8054, 0.16, 0.05, 1.47
368, 8077, 0.43, -0.02, 1.44
369, 8100, 0.37, 0.07, 1.40
370, 8124, 0.22, 0.15, 1.17
371, 8147, 0.10, 0.37, 0.99
372, 8170, 0.11, 0.72, 0.74
373, 8193, 0.04, 0.86, 0.55
374, 8217, 0.32, 0.99, 1.09
375, 8240, 0.93, 0.96, 1.46
376, 8265, 0.08, 0.08, 1.29
377, 8288, -0.72, 0.07, 0.66
378, 8311, -1.16, -0.13, -0.28
379, 8335, -0.84, -0.63, 0.05
380, 8358, -0.54, -0.52, 0.49
381, 8381, -0.60, -0.70, 0.60
382, 8404, -0.68, -0.94, 0.49
383, 8428, -0.75, -0.84, 0.50
384, 8451, -0.61, -1.02, 0.72
385, 8474, -0.07, -1.19, 1.17
386, 8497, 0.35, -0.43, 0.53
387, 8520, -0.15, 0.36, 0.55
388, 8544, -0.76, 0.99, 0.23
389, 8567, -0.18, 0.23, 1.35
390, 8590, -0.11, -0.32, 0.95
391, 8613, -0.41, -0.34, 0.65
392, 8637, -0.21, -0.34, 1.11
393, 8662, 0.03, -0.03, 0.51
394, 8685, 0.98, 0.99, 0.55
395, 8708, 0.41, 0.02, 0.63
396, 8731, -0.21, -0.56, 0.28
397, 8755, -1.18, -0.55, 0.73
398, 8778, -1.48, 0.45, 1.27
399, 8801, -0.36, 0.21, 0.83
400, 8824, -0.13, -0.23, 0.69
401, 8847, -0.57, -0.15, 0.79
402, 8871, -0.48, 0.13, 0.99
403, 8894, -0.00, 0.01, 1.12
404, 8917, 0.22, 0.04, 1.08
405, 8940, 0.09, 0.01, 0.98
406, 8964, -0.06, -0.09, 1.02
407, 8987, -0.05, 0.01, 1.02
408, 9010, 0.13, 0.00, 1.18
409, 9033, 0.19, -0.09, 1.13
410, 9058, 0.01, -0.08, 1.09
411, 9082, -0.01, 0.12, 1.26
412, 9105, 0.18, 0.05, 1.48
413, 9128, 0.36, 0.00, 1.38
414, 9151, 0.35, 0.07, 1.35
415, 9175, 0.32, 0.27, 1.08
416, 9198, 0.29, 0.40, 0.94
417, 9221, 0.11, 0.54, 0.78
418, 9244, 0.15, 0.90, 0.58
419, 9268, 0.29, 0.99, 1.21
420, 9291, 0.92, 0.99, 1.44
421, 9314, 0.07, 0.08, 1.35
422, 9337, -1.03, 0.06, 0.75
423, 9361, -1.42, -0.13, -0.24
424, 9384, -0.96, -0.60, 0.15
425, 9407, -0.53, -0.57, 0.52
426, 9430, -0.63, -0.82, 0.65
427, 9455, -0.89, -0.98, 0.51
428, 9478, -0.89, -0.93, 0.54
429, 9502, -0.71, -1.09, 0.67
430, 9525, -0.24, -1.39, 1.03
431, 9548, 0.26, -0.93, 0.84
432, 9571, 0.13, 0.07, 0.49
433, 9595, -0.15, 0.99, 0.72
434, 9618, -0.63, 0.72, 0.94
435, 9641, -0.14, 0.04, 1.06
436, 9664, -0.72, -0.42, 0.61
437, 9688, -0.31, -0.38, 1.02
438, 9711, -0.25, -0.06, 0.59
439, 9734, 1.08, 0.99, 1.21
440, 9757, 0.63, 0.58, 0.66
441, 9781, 0.19, -0.39, 0.60
442, 9804, -0.81, -0.45, 0.37
443, 9827, -1.37, -0.03, 1.15
444, 9852, -0.71, 0.46, 1.06
445, 9875, 0.05, 0.11, 0.78
446, 9898, -0.17, -0.34, 0.83
447, 9922, -0.64, -0.11, 0.89
448, 9945, -0.43, 0.15, 0.98
449, 9968, 0.10, 0.08, 1.02
450, 9991, 0.21, -0.01, 1.02
451, 10015, 0.07, -0.06, 0.93
452, 10038, -0.02, -0.08, 0.99
453, 10061, -0.09, 0.04, 1.10
454, 10084, 0.12, -0.03, 1.18
455, 10108, 0.19, -0.12, 1.08
456, 10131, -0.01, 0.04, 1.21
457, 10154, 0.08, 0.10, 1.46
458, 10177, 0.38, -0.00, 1.53
459, 10201, 0.41, -0.00, 1.41
460, 10224, 0.34, 0.18, 1.35
461, 10249, 0.33, 0.33, 1.02
462, 10272, 0.12, 0.63, 0.82
463, 10296, 0.21, 0.89, 0.64
464, 10319, 0.18, 0.98, 0.84
465, 10342, 0.92, 0.99, 1.21
466, 10365, 0.40, 0.31, 1.67
467, 10389, -0.64, -0.02, 0.92
468, 10412, -1.29, 0.09, -0.07
469, 10435, -0.94, -0.59, -0.24
470, 10458, -0.40, -0.55, 0.37
471, 10482, -0.39, -0.68, 0.66
472, 10505, -0.65, -0.91, 0.56
473, 10528, -0.92, -0.91, 0.35
474, 10551, -0.70, -1.09, 0.56
475, 10575, -0.16, -1.31, 1.06
476, 10598, 0.40, -0.61, 0.53
477, 10629, -0.11, 0.87, 0.33
478, 10652, -0.54, 0.99, 0.86
479, 10675, -0.21, -0.06, 1.52
480, 10698, -0.33, -0.39, 0.65
481, 10722, -0.60, -0.57, 0.78
482, 10745, -0.91, -0.25, 0.64
483, 10768, 0.44, -0.23, 0.57
484, 10791, 0.75, 0.99, 0.54
485, 10814, 0.40, -0.00, 0.77
486, 10838, -0.42, -0.56, 0.13
487, 10861, -1.56, -0.42, 0.72
488, 10884, -1.24, 0.43, 1.23
489, 10907, -0.26, 0.26, 0.89
490, 10931, -0.18, -0.18, 0.83
491, 10954, -0.52, -0.23, 0.77
492, 10977, -0.31, 0.12, 0.89
493, 11002, 0.15, 0.16, 1.01
494, 11025, 0.30, 0.03, 1.03
495, 11049, 0.11, -0.09, 1.03
496, 11072, -0.04, -0.14, 0.96
497, 11095, -0.12, 0.00, 1.00
498, 11118, 0.03, 0.02, 1.21
499, 11141, 0.17, -0.07, 1.16
500, 11165, 0.11, -0.05, 1.24
501, 11188, 0.20, 0.03, 1.37
502, 11211, 0.36, 0.03, 1.43
503, 11234, 0.40, -0.02, 1.51
504, 11257, 0.33, 0.18, 1.49
505, 11281, 0.34, 0.25, 1.09
506, 11304, 0.20, 0.60, 0.80
507, 11327, 0.12, 0.81, 0.54
508, 11350, -0.01, 0.89, 0.81
509, 11373, 0.80, 0.99, 1.26
510, 11398, 0.35, 0.46, 1.73
511, 11421, -0.40, -0.02, 1.00
512, 11445, -1.05, 0.08, 0.12
513, 11468, -1.01, -0.62, -0.29
514, 11491, -0.68, -0.58, 0.30
515, 11514, -0.58, -0.57, 0.59
516, 11537, -0.68, -0.92, 0.55
517, 11560, -0.75, -0.89, 0.46
518, 11583, -0.68, -0.99, 0.64
519, 11607, -0.23, -1.20, 1.05
520, 11630, 0.33, -0.84, 0.94
521, 11653, 0.14, 0.06, 0.52
522, 11676, -0.37, 0.99, 0.27
523, 11699, -0.47, 0.68, 0.90
524, 11722, -0.10, -0.15, 1.18
525, 11746, -0.23, -0.39, 0.64
526, 11771, -0.58, -0.40, 0.75
527, 11794, -0.77, -0.14, 0.62
528, 11817, 0.86, -0.02, 0.67
529, 11840, 0.75, 0.99, 0.61
530, 11863, 0.24, -0.16, 0.83
531, 11886, -0.53, -0.54, 0.16
532, 11910, -1.49, -0.34, 0.77
533, 11933, -1.10, 0.38, 1.12
534, 11956, -0.26, 0.22, 0.83
535, 11979, -0.25, -0.15, 0.80
536, 12002, -0.53, -0.18, 0.84
537, 12025, -0.32, 0.09, 0.98
538, 12048, 0.14, 0.13, 0.98
539, 12072, 0.33, 0.05, 1.01
540, 12095, 0.13, -0.04, 1.05
541, 12118, -0.09, -0.12, 1.06
542, 12141, -0.08, -0.01, 1.07
543, 12166, 0.13, 0.00, 1.18
544, 12189, 0.26, -0.10, 1.14
545, 12212, 0.06, -0.01, 1.19
546, 12236, 0.13, 0.07, 1.41
547, 12259, 0.29, -0.02, 1.55
548, 12282, 0.42, -0.03, 1.48
549, 12305, 0.31, 0.17, 1.37
550, 12328, 0.34, 0.32, 1.00
551, 12351, 0.22, 0.61, 0.85
552, 12375, 0.24, 0.84, 0.66
553, 12398, 0.11, 0.98, 0.77
554, 12421, 0.68, 0.99, 1.13
555, 12444, 0.51, 0.50, 1.79
556, 12467, -0.42, -0.09, 1.05
557, 12491, -1.30, 0.14, -0.02
558, 12514, -1.03, -0.60, -0.26
559, 12539, -0.58, -0.55, 0.42
560, 12562, -0.51, -0.67, 0.71
561, 12585, -0.67, -1.02, 0.64
562, 12608, -0.90, -0.93, 0.50
563, 12631, -0.83, -1.02, 0.58
564, 12655, -0.27, -1.32, 1.01
565, 12678, 0.38, -0.90, 0.89
566, 12701, 0.08, 0.12, 0.56
567, 12724, -0.50, 0.99, 0.44
568, 12747, -0.57, 0.69, 1.11
569, 12770, -0.16, -0.10, 1.18
570, 12794, -0.66, -0.37, 0.48
571, 12817, -0.42, -0.36, 0.98
572, 12840, -0.39, -0.26, 0.64
573, 12863, 1.05, 0.99, 1.15
574, 12886, 0.78, 0.99, 0.34
575, 12909, 0.39, -0.24, 0.46
576, 12934, -0.94, -0.67, 0.47
577, 12957, -1.72, -0.06, 1.13
578, 12980, -1.01, 0.43, 1.02
579, 13004, -0.10, 0.09, 0.61
580, 13027, -0.38, -0.27, 0.69
581, 13050, -0.61, -0.01, 0.85
582, 13073, -0.20, 0.11, 1.01
583, 13096, 0.23, 0.09, 1.05
584, 13120, 0.33, -0.01, 0.99
585, 13143, 0.12, -0.15, 1.07
586, 13166, -0.05, -0.03, 1.04
587, 13189, 0.04, 0.02, 1.17
588, 13213, 0.15, -0.05, 1.09
589, 13236, 0.05, -0.05, 1.06
590, 13259, 0.03, 0.06, 1.29
591, 13282, 0.23, 0.05, 1.50
592, 13307, 0.48, 0.08, 1.47
593, 13330, 0.36, 0.05, 1.32
594, 13354, 0.37, 0.36, 1.08
595, 13377, 0.19, 0.59, 0.93
596, 13400, 0.18, 0.92, 0.64
597, 13423, 0.17, 0.99, 0.90
598, 13446, 0.68, 0.99, 1.08
599, 13470, 0.49, 0.41, 1.52
600, 13493, -0.53, -0.02, 0.93
601, 13516, -1.09, 0.13, -0.07
602, 13539, -1.11, -0.57, -0.14
603, 13563, -0.82, -0.52, 0.39
604, 13586, -0.69, -0.67, 0.57
605, 13609, -0.67, -0.97, 0.54
606, 13632, -0.68, -0.93, 0.57
607, 13656, -0.64, -1.01, 0.67
608, 13679, -0.15, -1.22, 1.09
609, 13710, 0.27, -0.34, 0.47
610, 13733, -0.23, 0.48, 0.44
611, 13756, -0.62, 0.99, 0.46
612, 13779, -0.29, 0.22, 1.09
613, 13803, -0.16, -0.31, 0.74
614, 13826, -0.57, -0.42, 0.65
615, 13849, -0.33, -0.33, 1.00
616, 13873, -0.09, -0.03, 0.45
617, 13896, 0.95, 0.99, 0.58
618, 13919, 0.45, 0.16, 0.69
619, 13943, -0.15, -0.42, 0.20
620, 13966, -1.07, -0.55, 0.63
621, 13989, -1.50, 0.36, 1.26
622, 14013, -0.49, 0.31, 1.00
623, 14036, -0.15, -0.15, 0.71
624, 14059, -0.52, -0.21, 0.79
625, 14084, -0.44, 0.09, 0.93
626, 14108, 0.03, 0.10, 1.02
627, 14131, 0.33, 0.05, 1.06
628, 14154, 0.18, -0.04, 1.04
629, 14178, -0.04, -0.10, 1.02
630, 14201, -0.08, -0.02, 1.01
631, 14224, -0.04, 0.01, 1.13
632, 14247, 0.16, -0.09, 1.11
633, 14271, 0.06, -0.05, 1.12
634, 14294, 0.10, 0.07, 1.35
635, 14317, 0.27, 0.05, 1.55
636, 14341, 0.47, -0.01, 1.43
637, 14364, 0.33, 0.13, 1.36
638, 14387, 0.32, 0.31, 1.01
639, 14411, 0.18, 0.56, 0.94
640, 14434, 0.19, 0.82, 0.68
641, 14457, 0.10, 0.93, 0.73
642, 14482, 0.76, 0.99, 1.17
643, 14506, 0.51, 0.52, 1.75
644, 14529, -0.33, -0.05, 1.06
645, 14552, -1.10, 0.15, 0.11
646, 14575, -1.02, -0.57, -0.30
647, 14599, -0.63, -0.52, 0.36
648, 14622, -0.54, -0.56, 0.58
649, 14645, -0.73, -0.93, 0.54
650, 14669, -0.79, -0.98, 0.48
651, 14692, -0.72, -1.03, 0.73
652, 14715, -0.08, -1.19, 1.39
653, 14739, 0.52, -0.36, 0.43
654, 14762, -0.02, 0.49, 0.54
655, 14785, -0.56, 0.99, 0.34
656, 14808, -0.32, 0.10, 1.19
657, 14832, -0.28, -0.31, 0.76
658, 14857, -0.71, -0.50, 0.48
659, 14880, -0.52, -0.29, 0.81
660, 14903, -0.09, 0.03, 0.57
661, 14927, 1.18, 0.99, 0.67
662, 14950, 0.54, 0.22, 0.77
663, 14973, -0.19, -0.50, 0.15
664, 14996, -1.27, -0.69, 0.50
665, 15020, -1.70, 0.35, 1.16
666, 15043, -0.47, 0.29, 0.87
667, 15066, -0.11, -0.14, 0.74
668, 15090, -0.50, -0.18, 0.84
669, 15113, -0.45, 0.08, 0.95
670, 15136, -0.00, 0.07, 1.03
671, 15160, 0.26, 0.06, 1.04
672, 15183, 0.16, -0.00, 1.05
673, 15206, -0.02, -0.14, 1.07
674, 15231, -0.05, -0.00, 1.01
675, 15255, 0.06, 0.05, 1.22
676, 15278, 0.23, -0.07, 1.20
677, 15301, 0.14, -0.12, 1.08
678, 15325, 0.06, 0.07, 1.29
679, 15348, 0.22, 0.07, 1.50
680, 15371, 0.37, -0.02, 1.39
681, 15395, 0.30, 0.08, 1.34
682, 15418, 0.27, 0.28, 1.00
683, 15441, 0.12, 0.54, 0.92
684, 15464, 0.15, 0.76, 0.70
685, 15488, 0.07, 0.94, 0.84
686, 15511, 0.79, 0.99, 1.12
687, 15534, 0.53, 0.64, 1.70
688, 15558, -0.32, -0.09, 1.00
689, 15581, -1.00, 0.08, 0.08
690, 15604, -1.11, -0.62, -0.38
691, 15629, -0.95, -0.54, 0.30
692, 15653, -0.75, -0.61, 0.49
693, 15676, -0.67, -0.95, 0.51
694, 15699, -0.63, -0.94, 0.55
695, 15722, -0.53, -1.06, 0.74
696, 15746, -0.02, -1.22, 1.17
697, 15769, 0.37, -0.53, 0.59
698, 15792, -0.17, 0.11, 0.60
699, 15815, -0.61, 0.99, 0.39
700, 15839, -0.50, 0.59, 0.97
701, 15862, 0.12, -0.07, 1.17
702, 15885, -0.20, -0.33, 0.53
703, 15909, -0.59, -0.52, 0.77
704, 15932, -0.48, -0.16, 0.75
705, 15955, 0.58, 0.31, 0.74
706, 15978, 0.76, 0.99, 0.47
707, 16003, 0.22, -0.13, 0.73
708, 16027, -0.65, -0.65, 0.22
709, 16050, -1.36, -0.23, 0.87
710, 16073, -0.98, 0.27, 1.24
711, 16097, -0.15, -0.10, 0.72
712, 16120, -0.55, -0.03, 0.75
713, 16143, -0.57, -0.01, 0.92
714, 16166, -0.17, -0.05, 1.18
715, 16190, 0.15, 0.12, 1.00
716, 16213, -0.03, -0.01, 1.09
717, 16236, -0.15, -0.10, 1.02
718, 16260, -0.14, -0.07, 0.98
719, 16283, 0.01, -0.04, 1.01
720, 16306, 0.13, -0.00, 1.03
721, 16330, 0.10, 0.02, 1.03
722, 16353, 0.13, -0.11, 1.14
723, 16376, 0.11, -0.07, 1.25
724, 16401, 0.06, 0.07, 1.20
725, 16425, 0.15, 0.03, 1.13
726, 16448, 0.25, 0.12, 1.02
727, 16471, 0.26, 0.22, 0.86
728, 16494, 0.04, 0.40, 0.79
729, 16518, -0.40, 0.82, 0.78
730, 16541, -0.01, 0.92, 1.25
731, 16564, 0.13, 0.73, 1.27
732, 16587, -0.24, 0.12, 0.92
733, 16611, -0.43, -0.11, 0.22
734, 16634, -0.82, -0.54, -0.18
735, 16657, -1.19, -0.74, 0.00
736, 16681, -1.14, -0.58, 0.29
737, 16704, -0.71, -0.72, 0.26
738, 16727, -0.30, -0.95, 0.39
739, 16750, -0.01, -1.00, 0.61
740, 16781, 0.30, -0.84, 0.65
741, 16805, 0.17, -0.41, 0.19
742, 16828, -0.58, -0.09, 0.24
743, 16851, -1.09, 0.17, 0.44
744, 16874, -0.43, -0.11, 0.77
745, 16898, 0.26, 0.09, 0.97
746, 16921, 0.54, 0.06, 0.82
747, 16944, 0.08, -0.16, 0.52
748, 16967, -0.23, -0.15, 0.63
749, 16991, -0.81, -0.22, 0.41
750, 17014, -0.74, -0.11, 0.43
751, 17037, 0.00, 0.95, 1.63
752, 17061, 0.90, 0.63, 0.65
753, 17084, -0.09, -0.38, 0.86
754, 17107, -0.63, -0.26, 0.88
755, 17130, -0.55, 0.07, 1.14
756, 17156, -0.22, 0.17, 1.19
757, 17179, -0.01, 0.02, 1.25
758, 17202, -0.16, -0.05, 1.02
759, 17225, -0.27, -0.03, 1.06
760, 17249, -0.28, -0.05, 1.16
761, 17272, -0.20, -0.03, 1.20
762, 17295, -0.07, -0.05, 1.17
763, 17319, -0.05, -0.09, 1.15
764, 17342, -0.02, -0.00, 1.11
765, 17365, 0.03, 0.01, 1.11
766, 17389, -0.02, 0.05, 1.16
767, 17412, -0.08, -0.00, 1.22
768, 17435, -0.09, -0.11, 1.18
769, 17459, -0.00, -0.02, 1.07
770, 17482, 0.14, 0.06, 0.98
771, 17505, 0.04, 0.04, 0.99
772, 17528, -0.04, -0.03, 0.97
773, 17553, -0.05, -0.00, 0.92
774, 17577, 0.06, 0.04, 0.88
775, 17600, 0.22, 0.04, 0.97
776, 17623, -0.06, 0.02, 0.94
777, 17646, -0.19, 0.09, 0.73
778, 17669, 0.12, 0.09, 0.90
779, 17693, 0.09, 0.12, 0.75
780, 17716, -0.32, 0.21, 0.78
781, 17739, -0.38, 0.22, 1.03
782, 17762, -0.10, -0.05, 1.00
783, 17785, -0.12, -0.33, 0.80
784, 17809, -0.56, -0.43, 0.72
785, 17832, -0.70, -0.41, 0.59
786, 17855, -0.47, -0.45, 0.99
787, 17878, -0.04, -0.50, 0.97
788, 17901, 0.07, 0.07, 1.46
789, 17926, 0.60, 0.99, 1.24
790, 17950, 0.66, -0.16, 0.92
791, 17973, -0.07, -0.04, 1.31
792, 17996, -0.18, -0.10, 1.39
793, 18019, -0.13, -0.02, 1.14
794, 18042, -0.23, 0.06, 1.09
795, 18066, -0.12, 0.00, 1.03
796, 18089, 0.14, 0.01, 1.10
797, 18112, 0.02, 0.06, 1.17
798, 18136, -0.22, -0.03, 1.27
799, 18159, -0.21, -0.05, 1.15
800, 18182, 0.07, 0.02, 1.06
801, 18205, -0.03, 0.09, 1.04
802, 18229, -0.08, -0.02, 1.16
803, 18252, -0.03, -0.04, 1.16
804, 18275, 0.01, 0.00, 1.14
805, 18298, -0.05, 0.04, 1.13
806, 18323, -0.03, -0.06, 1.18
807, 18346, 0.00, -0.04, 1.19
808, 18370, -0.00, -0.01, 1.09
809, 18393, 0.12, -0.02, 1.08
810, 18416, 0.06, -0.06, 1.13
811, 18439, 0.03, 0.00, 1.11
812, 18463, -0.14, -0.01, 1.05
813, 18486, -0.13, 0.00, 1.09
814, 18509, -0.07, -0.04, 1.09
815, 18533, -0.05, -0.05, 1.05
816, 18556, -0.17, 0.11, 1.09
817, 18579, -0.12, -0.03, 0.97
818, 18602, -0.16, -0.03, 1.04
819, 18626, -0.20, -0.04, 1.05
820, 18649, -0.05, -0.01, 1.02
821, 18672, -0.12, -0.00, 1.05
822, 18697, -0.06, -0.01, 1.04
823, 18721, -0.03, -0.01, 1.09
824, 18744, -0.05, -0.02, 1.10
825, 18767, -0.11, 0.03, 1.08
826, 18791, -0.14, -0.04, 1.06
827, 18819, 0.01, -0.02, 1.14
828, 18842, 0.00, 0.03, 1.07
829, 18865, -0.09, 0.02, 1.06
830, 18888, -0.12, -0.02, 1.05
831, 18912, -0.10, 0.05, 1.03
832, 18935, -0.08, 0.01, 1.05
833, 18958, -0.07, -0.01, 1.07
834, 18981, -0.10, -0.02, 1.08
835, 19005, -0.15, -0.03, 1.07
836, 19028, -0.08, 0.03, 1.04
837, 19051, -0.09, 0.01, 1.09
838, 19076, -0.06, -0.04, 1.07
839, 19099, -0.08, 0.00, 1.08
840, 19123, -0.05, 0.00, 1.08
841, 19146, -0.01, 0.02, 1.09
842, 19169, -0.09, -0.02, 1.08
843, 19192, -0.15, -0.02, 1.09
844, 19216, -0.11, -0.02, 1.10
845, 19239, -0.02, 0.00, 1.09
846, 19262, -0.07, 0.02, 1.07
847, 19285, -0.14, -0.01, 1.08
848, 19309, -0.09, -0.01, 1.10
849, 19332, -0.05, -0.01, 1.09
850, 19355, -0.06, -0.03, 1.11
851, 19378, -0.09, -0.01, 1.10
852, 19402, -0.11, 0.02, 1.09
853, 19425, -0.08, 0.01, 1.09
854, 19450, -0.08, -0.02, 1.08
855, 19473, -0.09, -0.01, 1.11
856, 19496, -0.03, -0.00, 1.12
857, 19520, -0.05, -0.05, 1.08
858, 19543, -0.11, -0.00, 1.09
859, 19566, -0.08, -0.05, 1.08
860, 19589, -0.07, 0.05, 1.04
861, 19613, -0.25, -0.09, 1.08
862, 19636, -0.09, -0.03, 1.07
863, 19659, -0.01, 0.04, 1.07
864, 19682, -0.04, 0.01, 1.08
865, 19706, -0.07, -0.03, 1.07
866, 19729, -0.10, -0.01, 1.10
867, 19752, -0.13, -0.04, 1.10
868, 19775, -0.12, -0.01, 1.04
869, 19799, -0.21, -0.06, 1.06
870, 19832, -0.01, 0.01, 1.10
871, 19855, -0.09, 0.01, 1.09
872, 19879, -0.15, -0.08, 1.08
873, 19902, -0.12, 0.03, 1.07
874, 19925, -0.13, 0.03, 1.09
875, 19948, -0.20, -0.07, 1.09
876, 19972, -0.12, -0.04, 1.07
877, 19995, -0.07, 0.04, 1.09
878, 20018, -0.18, -0.03, 1.11
879, 20041, -0.18, -0.03, 1.09
880, 20065, -0.14, -0.03, 1.07
881, 20088, -0.17, 0.01, 1.07
882, 20111, -0.08, 0.09, 1.07
883, 20134, -0.16, 0.04, 1.05
884, 20158, -0.12, -0.02, 1.09
885, 20181, -0.16, -0.09, 1.08
